Final SSE Objective: 0.024591303151044155
K: 0.37455419521761074
T1: 113.98803741260946
T2: 19.560123401725754
theta: 17.911137446653793